
7316


8033


2910


3908


3322


7650


14179


4136


2911


14448


4819


22613


4222


3566


9074

No solution. Jigsaw Not Completed
Begin state:11  12  9  20  21  
1  4  3  18  10  
6  17  13  8  14  
5  2  23  19  22  
16  0  7  24  15  

End state:1  2  3  4  5  
6  7  8  9  10  
11  12  13  14  15  
16  17  18  19  20  
21  22  23  24  0  

Total number of searched nodes:30001

30001


4161


6319


5388


12833


9822


24731


16640


2729


3663


3338


9152


6980


4784


5116


4237


6872


2379


3717


2655


2428


5242


4091


7398


7351


10943


3610


2666


4715


5949


3889


9574


6879


2657


6113


6026


5035


5190


7480


6287


6057


3550


9897


4571


5437


5962


7218


3872


13792


2585


5422


4842


4964


9507


3218


9135


5658

No solution. Jigsaw Not Completed
Begin state:21  13  10  24  15  
22  4  19  17  3  
18  1  7  8  9  
14  16  0  2  12  
5  6  11  20  23  

End state:1  2  3  4  5  
6  7  8  9  10  
11  12  13  14  15  
16  17  18  19  20  
21  22  23  24  0  

Total number of searched nodes:30001

30001


6856


6946


3103


7400


16506


6452


5882


18789


4361


1445


6732

No solution. Jigsaw Not Completed
Begin state:13  20  6  24  10  
9  22  19  16  0  
12  4  5  8  18  
17  14  21  7  15  
1  2  11  23  3  

End state:1  2  3  4  5  
6  7  8  9  10  
11  12  13  14  15  
16  17  18  19  20  
21  22  23  24  0  

Total number of searched nodes:30001

30001


2950


4109


3543


6037


3798


7453


5380


2325


1900


5762


2580


14262


2240


2537


6596

No solution. Jigsaw Not Completed
Begin state:21  18  20  16  17  
15  12  3  9  7  
19  2  13  10  8  
0  22  4  6  14  
11  1  23  5  24  

End state:1  2  3  4  5  
6  7  8  9  10  
11  12  13  14  15  
16  17  18  19  20  
21  22  23  24  0  

Total number of searched nodes:30001

30001


2894


12981


4195


4622


4483


4345


2484


3507


2415

No solution. Jigsaw Not Completed
Begin state:2  6  22  20  24  
13  7  15  23  8  
3  16  9  18  10  
0  5  1  19  12  
14  17  11  4  21  

End state:1  2  3  4  5  
6  7  8  9  10  
11  12  13  14  15  
16  17  18  19  20  
21  22  23  24  0  

Total number of searched nodes:30001

30001


4244


6082


5087


5735


7034


6253


4312


4218


4185


2898


4760


7419


3188


12637


3533


3946


10597


7162


3290


6600


1745


6161

No solution. Jigsaw Not Completed
Begin state:21  3  7  16  12  
1  6  23  14  5  
13  24  4  0  2  
10  11  9  8  20  
17  22  15  19  18  

End state:1  2  3  4  5  
6  7  8  9  10  
11  12  13  14  15  
16  17  18  19  20  
21  22  23  24  0  

Total number of searched nodes:30001

30001


3422


3584


5995


5373


5403


5222


3839


4183


1680


7031


3326


3512


4358


11477


11846


7159


4331


8447


2886


3347


4610


3992


7397


10892


5276

No solution. Jigsaw Not Completed
Begin state:8  6  24  11  4  
16  21  2  3  15  
1  17  19  5  9  
23  14  12  20  13  
0  22  18  10  7  

End state:1  2  3  4  5  
6  7  8  9  10  
11  12  13  14  15  
16  17  18  19  20  
21  22  23  24  0  

Total number of searched nodes:30001

30001


4270


5524


3511


5954


6664


4132


2627


4038


5735


5352


7323


5101


5947


6756


9278


3355


5418


3192


5010

No solution. Jigsaw Not Completed
Begin state:19  8  13  12  5  
23  21  6  2  20  
24  0  22  16  11  
4  1  3  10  7  
15  17  14  9  18  

End state:1  2  3  4  5  
6  7  8  9  10  
11  12  13  14  15  
16  17  18  19  20  
21  22  23  24  0  

Total number of searched nodes:30001

30001


5479


2634


8441


5923


2183


6016


2564


7150


5069


5149

No solution. Jigsaw Not Completed
Begin state:20  8  15  9  0  
7  22  1  10  18  
16  12  17  24  19  
2  14  6  23  3  
5  4  11  13  21  

End state:1  2  3  4  5  
6  7  8  9  10  
11  12  13  14  15  
16  17  18  19  20  
21  22  23  24  0  

Total number of searched nodes:30001

30001


5851


17376


3960


2247


2546


9864


9969


8781


3228

Average: 7045.015

