Jigsaw Completed
Begin state:9  11  0  6  10  
5  2  15  21  13  
20  3  14  17  18  
8  4  7  23  12  
22  16  24  19  1  

End state:1  2  3  4  5  
6  7  8  9  10  
11  12  13  14  15  
16  17  18  19  20  
21  22  23  24  0  

Solution Path: 
Begin->9  11  0  6  10  
5  2  15  21  13  
20  3  14  17  18  
8  4  7  23  12  
22  16  24  19  1  
->9  11  6  0  10  
5  2  15  21  13  
20  3  14  17  18  
8  4  7  23  12  
22  16  24  19  1  
->9  11  6  21  10  
5  2  15  0  13  
20  3  14  17  18  
8  4  7  23  12  
22  16  24  19  1  
->9  11  6  21  10  
5  2  0  15  13  
20  3  14  17  18  
8  4  7  23  12  
22  16  24  19  1  
->9  11  0  21  10  
5  2  6  15  13  
20  3  14  17  18  
8  4  7  23  12  
22  16  24  19  1  
->9  11  21  0  10  
5  2  6  15  13  
20  3  14  17  18  
8  4  7  23  12  
22  16  24  19  1  
->9  11  21  15  10  
5  2  6  0  13  
20  3  14  17  18  
8  4  7  23  12  
22  16  24  19  1  
->9  11  21  15  10  
5  2  6  13  0  
20  3  14  17  18  
8  4  7  23  12  
22  16  24  19  1  
->9  11  21  15  0  
5  2  6  13  10  
20  3  14  17  18  
8  4  7  23  12  
22  16  24  19  1  
->9  11  21  0  15  
5  2  6  13  10  
20  3  14  17  18  
8  4  7  23  12  
22  16  24  19  1  
->9  11  0  21  15  
5  2  6  13  10  
20  3  14  17  18  
8  4  7  23  12  
22  16  24  19  1  
->9  0  11  21  15  
5  2  6  13  10  
20  3  14  17  18  
8  4  7  23  12  
22  16  24  19  1  
->9  2  11  21  15  
5  0  6  13  10  
20  3  14  17  18  
8  4  7  23  12  
22  16  24  19  1  
->9  2  11  21  15  
5  6  0  13  10  
20  3  14  17  18  
8  4  7  23  12  
22  16  24  19  1  
->9  2  0  21  15  
5  6  11  13  10  
20  3  14  17  18  
8  4  7  23  12  
22  16  24  19  1  
->9  0  2  21  15  
5  6  11  13  10  
20  3  14  17  18  
8  4  7  23  12  
22  16  24  19  1  
->0  9  2  21  15  
5  6  11  13  10  
20  3  14  17  18  
8  4  7  23  12  
22  16  24  19  1  
->5  9  2  21  15  
0  6  11  13  10  
20  3  14  17  18  
8  4  7  23  12  
22  16  24  19  1  
->5  9  2  21  15  
6  0  11  13  10  
20  3  14  17  18  
8  4  7  23  12  
22  16  24  19  1  
->5  9  2  21  15  
6  3  11  13  10  
20  0  14  17  18  
8  4  7  23  12  
22  16  24  19  1  
->5  9  2  21  15  
6  3  11  13  10  
0  20  14  17  18  
8  4  7  23  12  
22  16  24  19  1  
->5  9  2  21  15  
6  3  11  13  10  
8  20  14  17  18  
0  4  7  23  12  
22  16  24  19  1  
->5  9  2  21  15  
6  3  11  13  10  
8  20  14  17  18  
4  0  7  23  12  
22  16  24  19  1  
->5  9  2  21  15  
6  3  11  13  10  
8  20  14  17  18  
4  16  7  23  12  
22  0  24  19  1  
->5  9  2  21  15  
6  3  11  13  10  
8  20  14  17  18  
4  16  7  23  12  
0  22  24  19  1  
->5  9  2  21  15  
6  3  11  13  10  
8  20  14  17  18  
0  16  7  23  12  
4  22  24  19  1  
->5  9  2  21  15  
6  3  11  13  10  
8  20  14  17  18  
16  0  7  23  12  
4  22  24  19  1  
->5  9  2  21  15  
6  3  11  13  10  
8  20  14  17  18  
16  7  0  23  12  
4  22  24  19  1  
->5  9  2  21  15  
6  3  11  13  10  
8  20  14  17  18  
16  7  23  0  12  
4  22  24  19  1  
->5  9  2  21  15  
6  3  11  13  10  
8  20  14  17  18  
16  7  23  19  12  
4  22  24  0  1  
->5  9  2  21  15  
6  3  11  13  10  
8  20  14  17  18  
16  7  23  19  12  
4  22  0  24  1  
->5  9  2  21  15  
6  3  11  13  10  
8  20  14  17  18  
16  7  0  19  12  
4  22  23  24  1  
->5  9  2  21  15  
6  3  11  13  10  
8  20  0  17  18  
16  7  14  19  12  
4  22  23  24  1  
->5  9  2  21  15  
6  3  11  13  10  
8  0  20  17  18  
16  7  14  19  12  
4  22  23  24  1  
->5  9  2  21  15  
6  3  11  13  10  
8  7  20  17  18  
16  0  14  19  12  
4  22  23  24  1  
->5  9  2  21  15  
6  3  11  13  10  
8  7  20  17  18  
16  14  0  19  12  
4  22  23  24  1  
->5  9  2  21  15  
6  3  11  13  10  
8  7  0  17  18  
16  14  20  19  12  
4  22  23  24  1  
->5  9  2  21  15  
6  3  0  13  10  
8  7  11  17  18  
16  14  20  19  12  
4  22  23  24  1  
->5  9  2  21  15  
6  0  3  13  10  
8  7  11  17  18  
16  14  20  19  12  
4  22  23  24  1  
->5  9  2  21  15  
6  7  3  13  10  
8  0  11  17  18  
16  14  20  19  12  
4  22  23  24  1  
->5  9  2  21  15  
6  7  3  13  10  
8  11  0  17  18  
16  14  20  19  12  
4  22  23  24  1  
->5  9  2  21  15  
6  7  3  13  10  
8  11  17  0  18  
16  14  20  19  12  
4  22  23  24  1  
->5  9  2  21  15  
6  7  3  13  10  
8  11  17  18  0  
16  14  20  19  12  
4  22  23  24  1  
->5  9  2  21  15  
6  7  3  13  10  
8  11  17  18  12  
16  14  20  19  0  
4  22  23  24  1  
->5  9  2  21  15  
6  7  3  13  10  
8  11  17  18  12  
16  14  20  0  19  
4  22  23  24  1  
->5  9  2  21  15  
6  7  3  13  10  
8  11  17  18  12  
16  14  0  20  19  
4  22  23  24  1  
->5  9  2  21  15  
6  7  3  13  10  
8  11  0  18  12  
16  14  17  20  19  
4  22  23  24  1  
->5  9  2  21  15  
6  7  3  13  10  
8  11  18  0  12  
16  14  17  20  19  
4  22  23  24  1  
->5  9  2  21  15  
6  7  3  0  10  
8  11  18  13  12  
16  14  17  20  19  
4  22  23  24  1  
->5  9  2  0  15  
6  7  3  21  10  
8  11  18  13  12  
16  14  17  20  19  
4  22  23  24  1  
->5  9  0  2  15  
6  7  3  21  10  
8  11  18  13  12  
16  14  17  20  19  
4  22  23  24  1  
->5  9  3  2  15  
6  7  0  21  10  
8  11  18  13  12  
16  14  17  20  19  
4  22  23  24  1  
->5  9  3  2  15  
6  7  21  0  10  
8  11  18  13  12  
16  14  17  20  19  
4  22  23  24  1  
->5  9  3  2  15  
6  7  21  13  10  
8  11  18  0  12  
16  14  17  20  19  
4  22  23  24  1  
->5  9  3  2  15  
6  7  21  13  10  
8  11  18  12  0  
16  14  17  20  19  
4  22  23  24  1  
->5  9  3  2  15  
6  7  21  13  10  
8  11  18  12  19  
16  14  17  20  0  
4  22  23  24  1  
->5  9  3  2  15  
6  7  21  13  10  
8  11  18  12  19  
16  14  17  0  20  
4  22  23  24  1  
->5  9  3  2  15  
6  7  21  13  10  
8  11  18  12  19  
16  14  0  17  20  
4  22  23  24  1  
->5  9  3  2  15  
6  7  21  13  10  
8  11  0  12  19  
16  14  18  17  20  
4  22  23  24  1  
->5  9  3  2  15  
6  7  21  13  10  
8  11  12  0  19  
16  14  18  17  20  
4  22  23  24  1  
->5  9  3  2  15  
6  7  21  0  10  
8  11  12  13  19  
16  14  18  17  20  
4  22  23  24  1  
->5  9  3  0  15  
6  7  21  2  10  
8  11  12  13  19  
16  14  18  17  20  
4  22  23  24  1  
->5  9  0  3  15  
6  7  21  2  10  
8  11  12  13  19  
16  14  18  17  20  
4  22  23  24  1  
->5  0  9  3  15  
6  7  21  2  10  
8  11  12  13  19  
16  14  18  17  20  
4  22  23  24  1  
->0  5  9  3  15  
6  7  21  2  10  
8  11  12  13  19  
16  14  18  17  20  
4  22  23  24  1  
->6  5  9  3  15  
0  7  21  2  10  
8  11  12  13  19  
16  14  18  17  20  
4  22  23  24  1  
->6  5  9  3  15  
8  7  21  2  10  
0  11  12  13  19  
16  14  18  17  20  
4  22  23  24  1  
->6  5  9  3  15  
8  7  21  2  10  
11  0  12  13  19  
16  14  18  17  20  
4  22  23  24  1  
->6  5  9  3  15  
8  7  21  2  10  
11  12  0  13  19  
16  14  18  17  20  
4  22  23  24  1  
->6  5  9  3  15  
8  7  0  2  10  
11  12  21  13  19  
16  14  18  17  20  
4  22  23  24  1  
->6  5  0  3  15  
8  7  9  2  10  
11  12  21  13  19  
16  14  18  17  20  
4  22  23  24  1  
->6  5  3  0  15  
8  7  9  2  10  
11  12  21  13  19  
16  14  18  17  20  
4  22  23  24  1  
->6  5  3  2  15  
8  7  9  0  10  
11  12  21  13  19  
16  14  18  17  20  
4  22  23  24  1  
->6  5  3  2  15  
8  7  0  9  10  
11  12  21  13  19  
16  14  18  17  20  
4  22  23  24  1  
->6  5  3  2  15  
8  7  21  9  10  
11  12  0  13  19  
16  14  18  17  20  
4  22  23  24  1  
->6  5  3  2  15  
8  7  21  9  10  
11  12  13  0  19  
16  14  18  17  20  
4  22  23  24  1  
->6  5  3  2  15  
8  7  21  9  10  
11  12  13  19  0  
16  14  18  17  20  
4  22  23  24  1  
->6  5  3  2  15  
8  7  21  9  10  
11  12  13  19  20  
16  14  18  17  0  
4  22  23  24  1  
->6  5  3  2  15  
8  7  21  9  10  
11  12  13  19  20  
16  14  18  17  1  
4  22  23  24  0  
->6  5  3  2  15  
8  7  21  9  10  
11  12  13  19  20  
16  14  18  17  1  
4  22  23  0  24  
->6  5  3  2  15  
8  7  21  9  10  
11  12  13  19  20  
16  14  18  0  1  
4  22  23  17  24  
->6  5  3  2  15  
8  7  21  9  10  
11  12  13  19  20  
16  14  18  1  0  
4  22  23  17  24  
->6  5  3  2  15  
8  7  21  9  10  
11  12  13  19  0  
16  14  18  1  20  
4  22  23  17  24  
->6  5  3  2  15  
8  7  21  9  10  
11  12  13  0  19  
16  14  18  1  20  
4  22  23  17  24  
->6  5  3  2  15  
8  7  21  9  10  
11  12  13  1  19  
16  14  18  0  20  
4  22  23  17  24  
->6  5  3  2  15  
8  7  21  9  10  
11  12  13  1  19  
16  14  18  17  20  
4  22  23  0  24  
->6  5  3  2  15  
8  7  21  9  10  
11  12  13  1  19  
16  14  18  17  20  
4  22  23  24  0  
->6  5  3  2  15  
8  7  21  9  10  
11  12  13  1  19  
16  14  18  17  0  
4  22  23  24  20  
->6  5  3  2  15  
8  7  21  9  10  
11  12  13  1  0  
16  14  18  17  19  
4  22  23  24  20  
->6  5  3  2  15  
8  7  21  9  10  
11  12  13  0  1  
16  14  18  17  19  
4  22  23  24  20  
->6  5  3  2  15  
8  7  21  9  10  
11  12  13  17  1  
16  14  18  0  19  
4  22  23  24  20  
->6  5  3  2  15  
8  7  21  9  10  
11  12  13  17  1  
16  14  18  19  0  
4  22  23  24  20  
->6  5  3  2  15  
8  7  21  9  10  
11  12  13  17  1  
16  14  18  19  20  
4  22  23  24  0  
->6  5  3  2  15  
8  7  21  9  10  
11  12  13  17  1  
16  14  18  19  20  
4  22  23  0  24  
->6  5  3  2  15  
8  7  21  9  10  
11  12  13  17  1  
16  14  18  0  20  
4  22  23  19  24  
->6  5  3  2  15  
8  7  21  9  10  
11  12  13  0  1  
16  14  18  17  20  
4  22  23  19  24  
->6  5  3  2  15  
8  7  21  9  10  
11  12  13  1  0  
16  14  18  17  20  
4  22  23  19  24  
->6  5  3  2  15  
8  7  21  9  10  
11  12  13  1  20  
16  14  18  17  0  
4  22  23  19  24  
->6  5  3  2  15  
8  7  21  9  10  
11  12  13  1  20  
16  14  18  0  17  
4  22  23  19  24  
->6  5  3  2  15  
8  7  21  9  10  
11  12  13  1  20  
16  14  18  19  17  
4  22  23  0  24  
->6  5  3  2  15  
8  7  21  9  10  
11  12  13  1  20  
16  14  18  19  17  
4  22  23  24  0  
->6  5  3  2  15  
8  7  21  9  10  
11  12  13  1  20  
16  14  18  19  0  
4  22  23  24  17  
->6  5  3  2  15  
8  7  21  9  10  
11  12  13  1  0  
16  14  18  19  20  
4  22  23  24  17  
->6  5  3  2  15  
8  7  21  9  10  
11  12  13  0  1  
16  14  18  19  20  
4  22  23  24  17  
->6  5  3  2  15  
8  7  21  9  10  
11  12  0  13  1  
16  14  18  19  20  
4  22  23  24  17  
->6  5  3  2  15  
8  7  0  9  10  
11  12  21  13  1  
16  14  18  19  20  
4  22  23  24  17  
->6  5  0  2  15  
8  7  3  9  10  
11  12  21  13  1  
16  14  18  19  20  
4  22  23  24  17  
->6  0  5  2  15  
8  7  3  9  10  
11  12  21  13  1  
16  14  18  19  20  
4  22  23  24  17  
->6  7  5  2  15  
8  0  3  9  10  
11  12  21  13  1  
16  14  18  19  20  
4  22  23  24  17  
->6  7  5  2  15  
0  8  3  9  10  
11  12  21  13  1  
16  14  18  19  20  
4  22  23  24  17  
->0  7  5  2  15  
6  8  3  9  10  
11  12  21  13  1  
16  14  18  19  20  
4  22  23  24  17  
->7  0  5  2  15  
6  8  3  9  10  
11  12  21  13  1  
16  14  18  19  20  
4  22  23  24  17  
->7  5  0  2  15  
6  8  3  9  10  
11  12  21  13  1  
16  14  18  19  20  
4  22  23  24  17  
->7  5  3  2  15  
6  8  0  9  10  
11  12  21  13  1  
16  14  18  19  20  
4  22  23  24  17  
->7  5  3  2  15  
6  0  8  9  10  
11  12  21  13  1  
16  14  18  19  20  
4  22  23  24  17  
->7  5  3  2  15  
6  12  8  9  10  
11  0  21  13  1  
16  14  18  19  20  
4  22  23  24  17  
->7  5  3  2  15  
6  12  8  9  10  
11  21  0  13  1  
16  14  18  19  20  
4  22  23  24  17  
->7  5  3  2  15  
6  12  8  9  10  
11  21  13  0  1  
16  14  18  19  20  
4  22  23  24  17  
->7  5  3  2  15  
6  12  8  9  10  
11  21  13  1  0  
16  14  18  19  20  
4  22  23  24  17  
->7  5  3  2  15  
6  12  8  9  0  
11  21  13  1  10  
16  14  18  19  20  
4  22  23  24  17  
->7  5  3  2  0  
6  12  8  9  15  
11  21  13  1  10  
16  14  18  19  20  
4  22  23  24  17  
->7  5  3  0  2  
6  12  8  9  15  
11  21  13  1  10  
16  14  18  19  20  
4  22  23  24  17  
->7  5  0  3  2  
6  12  8  9  15  
11  21  13  1  10  
16  14  18  19  20  
4  22  23  24  17  
->7  0  5  3  2  
6  12  8  9  15  
11  21  13  1  10  
16  14  18  19  20  
4  22  23  24  17  
->0  7  5  3  2  
6  12  8  9  15  
11  21  13  1  10  
16  14  18  19  20  
4  22  23  24  17  
->6  7  5  3  2  
0  12  8  9  15  
11  21  13  1  10  
16  14  18  19  20  
4  22  23  24  17  
->6  7  5  3  2  
11  12  8  9  15  
0  21  13  1  10  
16  14  18  19  20  
4  22  23  24  17  
->6  7  5  3  2  
11  12  8  9  15  
21  0  13  1  10  
16  14  18  19  20  
4  22  23  24  17  
->6  7  5  3  2  
11  0  8  9  15  
21  12  13  1  10  
16  14  18  19  20  
4  22  23  24  17  
->6  0  5  3  2  
11  7  8  9  15  
21  12  13  1  10  
16  14  18  19  20  
4  22  23  24  17  
->6  5  0  3  2  
11  7  8  9  15  
21  12  13  1  10  
16  14  18  19  20  
4  22  23  24  17  
->6  5  3  0  2  
11  7  8  9  15  
21  12  13  1  10  
16  14  18  19  20  
4  22  23  24  17  
->6  5  3  9  2  
11  7  8  0  15  
21  12  13  1  10  
16  14  18  19  20  
4  22  23  24  17  
->6  5  3  9  2  
11  7  8  1  15  
21  12  13  0  10  
16  14  18  19  20  
4  22  23  24  17  
->6  5  3  9  2  
11  7  8  1  15  
21  12  13  10  0  
16  14  18  19  20  
4  22  23  24  17  
->6  5  3  9  2  
11  7  8  1  0  
21  12  13  10  15  
16  14  18  19  20  
4  22  23  24  17  
->6  5  3  9  2  
11  7  8  0  1  
21  12  13  10  15  
16  14  18  19  20  
4  22  23  24  17  
->6  5  3  0  2  
11  7  8  9  1  
21  12  13  10  15  
16  14  18  19  20  
4  22  23  24  17  
->6  5  3  2  0  
11  7  8  9  1  
21  12  13  10  15  
16  14  18  19  20  
4  22  23  24  17  
->6  5  3  2  1  
11  7  8  9  0  
21  12  13  10  15  
16  14  18  19  20  
4  22  23  24  17  
->6  5  3  2  1  
11  7  8  9  15  
21  12  13  10  0  
16  14  18  19  20  
4  22  23  24  17  
->6  5  3  2  1  
11  7  8  9  15  
21  12  13  0  10  
16  14  18  19  20  
4  22  23  24  17  
->6  5  3  2  1  
11  7  8  0  15  
21  12  13  9  10  
16  14  18  19  20  
4  22  23  24  17  
->6  5  3  2  1  
11  7  8  15  0  
21  12  13  9  10  
16  14  18  19  20  
4  22  23  24  17  
->6  5  3  2  1  
11  7  8  15  10  
21  12  13  9  0  
16  14  18  19  20  
4  22  23  24  17  
->6  5  3  2  1  
11  7  8  15  10  
21  12  13  0  9  
16  14  18  19  20  
4  22  23  24  17  
->6  5  3  2  1  
11  7  8  0  10  
21  12  13  15  9  
16  14  18  19  20  
4  22  23  24  17  
->6  5  3  0  1  
11  7  8  2  10  
21  12  13  15  9  
16  14  18  19  20  
4  22  23  24  17  
->6  5  3  1  0  
11  7  8  2  10  
21  12  13  15  9  
16  14  18  19  20  
4  22  23  24  17  
->6  5  3  1  10  
11  7  8  2  0  
21  12  13  15  9  
16  14  18  19  20  
4  22  23  24  17  
->6  5  3  1  10  
11  7  8  2  9  
21  12  13  15  0  
16  14  18  19  20  
4  22  23  24  17  
->6  5  3  1  10  
11  7  8  2  9  
21  12  13  0  15  
16  14  18  19  20  
4  22  23  24  17  
->6  5  3  1  10  
11  7  8  0  9  
21  12  13  2  15  
16  14  18  19  20  
4  22  23  24  17  
->6  5  3  1  10  
11  7  8  9  0  
21  12  13  2  15  
16  14  18  19  20  
4  22  23  24  17  
->6  5  3  1  0  
11  7  8  9  10  
21  12  13  2  15  
16  14  18  19  20  
4  22  23  24  17  
->6  5  3  0  1  
11  7  8  9  10  
21  12  13  2  15  
16  14  18  19  20  
4  22  23  24  17  
->6  5  0  3  1  
11  7  8  9  10  
21  12  13  2  15  
16  14  18  19  20  
4  22  23  24  17  
->6  0  5  3  1  
11  7  8  9  10  
21  12  13  2  15  
16  14  18  19  20  
4  22  23  24  17  
->6  7  5  3  1  
11  0  8  9  10  
21  12  13  2  15  
16  14  18  19  20  
4  22  23  24  17  
->6  7  5  3  1  
11  12  8  9  10  
21  0  13  2  15  
16  14  18  19  20  
4  22  23  24  17  
->6  7  5  3  1  
11  12  8  9  10  
21  14  13  2  15  
16  0  18  19  20  
4  22  23  24  17  
->6  7  5  3  1  
11  12  8  9  10  
21  14  13  2  15  
0  16  18  19  20  
4  22  23  24  17  
->6  7  5  3  1  
11  12  8  9  10  
0  14  13  2  15  
21  16  18  19  20  
4  22  23  24  17  
->6  7  5  3  1  
0  12  8  9  10  
11  14  13  2  15  
21  16  18  19  20  
4  22  23  24  17  
->0  7  5  3  1  
6  12  8  9  10  
11  14  13  2  15  
21  16  18  19  20  
4  22  23  24  17  
->7  0  5  3  1  
6  12  8  9  10  
11  14  13  2  15  
21  16  18  19  20  
4  22  23  24  17  
->7  5  0  3  1  
6  12  8  9  10  
11  14  13  2  15  
21  16  18  19  20  
4  22  23  24  17  
->7  5  3  0  1  
6  12  8  9  10  
11  14  13  2  15  
21  16  18  19  20  
4  22  23  24  17  
->7  5  3  9  1  
6  12  8  0  10  
11  14  13  2  15  
21  16  18  19  20  
4  22  23  24  17  
->7  5  3  9  1  
6  12  8  2  10  
11  14  13  0  15  
21  16  18  19  20  
4  22  23  24  17  
->7  5  3  9  1  
6  12  8  2  10  
11  14  0  13  15  
21  16  18  19  20  
4  22  23  24  17  
->7  5  3  9  1  
6  12  8  2  10  
11  0  14  13  15  
21  16  18  19  20  
4  22  23  24  17  
->7  5  3  9  1  
6  0  8  2  10  
11  12  14  13  15  
21  16  18  19  20  
4  22  23  24  17  
->7  5  3  9  1  
6  8  0  2  10  
11  12  14  13  15  
21  16  18  19  20  
4  22  23  24  17  
->7  5  3  9  1  
6  8  2  0  10  
11  12  14  13  15  
21  16  18  19  20  
4  22  23  24  17  
->7  5  3  0  1  
6  8  2  9  10  
11  12  14  13  15  
21  16  18  19  20  
4  22  23  24  17  
->7  5  0  3  1  
6  8  2  9  10  
11  12  14  13  15  
21  16  18  19  20  
4  22  23  24  17  
->7  5  2  3  1  
6  8  0  9  10  
11  12  14  13  15  
21  16  18  19  20  
4  22  23  24  17  
->7  5  2  3  1  
6  0  8  9  10  
11  12  14  13  15  
21  16  18  19  20  
4  22  23  24  17  
->7  0  2  3  1  
6  5  8  9  10  
11  12  14  13  15  
21  16  18  19  20  
4  22  23  24  17  
->7  2  0  3  1  
6  5  8  9  10  
11  12  14  13  15  
21  16  18  19  20  
4  22  23  24  17  
->7  2  3  0  1  
6  5  8  9  10  
11  12  14  13  15  
21  16  18  19  20  
4  22  23  24  17  
->7  2  3  9  1  
6  5  8  0  10  
11  12  14  13  15  
21  16  18  19  20  
4  22  23  24  17  
->7  2  3  9  1  
6  5  8  13  10  
11  12  14  0  15  
21  16  18  19  20  
4  22  23  24  17  
->7  2  3  9  1  
6  5  8  13  10  
11  12  0  14  15  
21  16  18  19  20  
4  22  23  24  17  
->7  2  3  9  1  
6  5  0  13  10  
11  12  8  14  15  
21  16  18  19  20  
4  22  23  24  17  
->7  2  3  9  1  
6  5  13  0  10  
11  12  8  14  15  
21  16  18  19  20  
4  22  23  24  17  
->7  2  3  0  1  
6  5  13  9  10  
11  12  8  14  15  
21  16  18  19  20  
4  22  23  24  17  
->7  2  0  3  1  
6  5  13  9  10  
11  12  8  14  15  
21  16  18  19  20  
4  22  23  24  17  
->7  2  13  3  1  
6  5  0  9  10  
11  12  8  14  15  
21  16  18  19  20  
4  22  23  24  17  
->7  2  13  3  1  
6  0  5  9  10  
11  12  8  14  15  
21  16  18  19  20  
4  22  23  24  17  
->7  0  13  3  1  
6  2  5  9  10  
11  12  8  14  15  
21  16  18  19  20  
4  22  23  24  17  
->0  7  13  3  1  
6  2  5  9  10  
11  12  8  14  15  
21  16  18  19  20  
4  22  23  24  17  
->6  7  13  3  1  
0  2  5  9  10  
11  12  8  14  15  
21  16  18  19  20  
4  22  23  24  17  
->6  7  13  3  1  
2  0  5  9  10  
11  12  8  14  15  
21  16  18  19  20  
4  22  23  24  17  
->6  0  13  3  1  
2  7  5  9  10  
11  12  8  14  15  
21  16  18  19  20  
4  22  23  24  17  
->6  13  0  3  1  
2  7  5  9  10  
11  12  8  14  15  
21  16  18  19  20  
4  22  23  24  17  
->6  13  3  0  1  
2  7  5  9  10  
11  12  8  14  15  
21  16  18  19  20  
4  22  23  24  17  
->6  13  3  9  1  
2  7  5  0  10  
11  12  8  14  15  
21  16  18  19  20  
4  22  23  24  17  
->6  13  3  9  1  
2  7  0  5  10  
11  12  8  14  15  
21  16  18  19  20  
4  22  23  24  17  
->6  13  3  9  1  
2  7  8  5  10  
11  12  0  14  15  
21  16  18  19  20  
4  22  23  24  17  
->6  13  3  9  1  
2  7  8  5  10  
11  12  14  0  15  
21  16  18  19  20  
4  22  23  24  17  
->6  13  3  9  1  
2  7  8  0  10  
11  12  14  5  15  
21  16  18  19  20  
4  22  23  24  17  
->6  13  3  0  1  
2  7  8  9  10  
11  12  14  5  15  
21  16  18  19  20  
4  22  23  24  17  
->6  13  0  3  1  
2  7  8  9  10  
11  12  14  5  15  
21  16  18  19  20  
4  22  23  24  17  
->6  0  13  3  1  
2  7  8  9  10  
11  12  14  5  15  
21  16  18  19  20  
4  22  23  24  17  
->6  7  13  3  1  
2  0  8  9  10  
11  12  14  5  15  
21  16  18  19  20  
4  22  23  24  17  
->6  7  13  3  1  
0  2  8  9  10  
11  12  14  5  15  
21  16  18  19  20  
4  22  23  24  17  
->0  7  13  3  1  
6  2  8  9  10  
11  12  14  5  15  
21  16  18  19  20  
4  22  23  24  17  
->7  0  13  3  1  
6  2  8  9  10  
11  12  14  5  15  
21  16  18  19  20  
4  22  23  24  17  
->7  2  13  3  1  
6  0  8  9  10  
11  12  14  5  15  
21  16  18  19  20  
4  22  23  24  17  
->7  2  13  3  1  
6  8  0  9  10  
11  12  14  5  15  
21  16  18  19  20  
4  22  23  24  17  
->7  2  0  3  1  
6  8  13  9  10  
11  12  14  5  15  
21  16  18  19  20  
4  22  23  24  17  
->7  2  3  0  1  
6  8  13  9  10  
11  12  14  5  15  
21  16  18  19  20  
4  22  23  24  17  
->7  2  3  9  1  
6  8  13  0  10  
11  12  14  5  15  
21  16  18  19  20  
4  22  23  24  17  
->7  2  3  9  1  
6  8  13  5  10  
11  12  14  0  15  
21  16  18  19  20  
4  22  23  24  17  
->7  2  3  9  1  
6  8  13  5  10  
11  12  0  14  15  
21  16  18  19  20  
4  22  23  24  17  
->7  2  3  9  1  
6  8  0  5  10  
11  12  13  14  15  
21  16  18  19  20  
4  22  23  24  17  
->7  2  3  9  1  
6  8  5  0  10  
11  12  13  14  15  
21  16  18  19  20  
4  22  23  24  17  
->7  2  3  0  1  
6  8  5  9  10  
11  12  13  14  15  
21  16  18  19  20  
4  22  23  24  17  
->7  2  3  1  0  
6  8  5  9  10  
11  12  13  14  15  
21  16  18  19  20  
4  22  23  24  17  
->7  2  3  1  10  
6  8  5  9  0  
11  12  13  14  15  
21  16  18  19  20  
4  22  23  24  17  
->7  2  3  1  10  
6  8  5  0  9  
11  12  13  14  15  
21  16  18  19  20  
4  22  23  24  17  
->7  2  3  1  10  
6  8  0  5  9  
11  12  13  14  15  
21  16  18  19  20  
4  22  23  24  17  
->7  2  3  1  10  
6  0  8  5  9  
11  12  13  14  15  
21  16  18  19  20  
4  22  23  24  17  
->7  0  3  1  10  
6  2  8  5  9  
11  12  13  14  15  
21  16  18  19  20  
4  22  23  24  17  
->0  7  3  1  10  
6  2  8  5  9  
11  12  13  14  15  
21  16  18  19  20  
4  22  23  24  17  
->6  7  3  1  10  
0  2  8  5  9  
11  12  13  14  15  
21  16  18  19  20  
4  22  23  24  17  
->6  7  3  1  10  
2  0  8  5  9  
11  12  13  14  15  
21  16  18  19  20  
4  22  23  24  17  
->6  0  3  1  10  
2  7  8  5  9  
11  12  13  14  15  
21  16  18  19  20  
4  22  23  24  17  
->6  3  0  1  10  
2  7  8  5  9  
11  12  13  14  15  
21  16  18  19  20  
4  22  23  24  17  
->6  3  1  0  10  
2  7  8  5  9  
11  12  13  14  15  
21  16  18  19  20  
4  22  23  24  17  
->6  3  1  5  10  
2  7  8  0  9  
11  12  13  14  15  
21  16  18  19  20  
4  22  23  24  17  
->6  3  1  5  10  
2  7  8  9  0  
11  12  13  14  15  
21  16  18  19  20  
4  22  23  24  17  
->6  3  1  5  0  
2  7  8  9  10  
11  12  13  14  15  
21  16  18  19  20  
4  22  23  24  17  
->6  3  1  0  5  
2  7  8  9  10  
11  12  13  14  15  
21  16  18  19  20  
4  22  23  24  17  
->6  3  0  1  5  
2  7  8  9  10  
11  12  13  14  15  
21  16  18  19  20  
4  22  23  24  17  
->6  0  3  1  5  
2  7  8  9  10  
11  12  13  14  15  
21  16  18  19  20  
4  22  23  24  17  
->6  7  3  1  5  
2  0  8  9  10  
11  12  13  14  15  
21  16  18  19  20  
4  22  23  24  17  
->6  7  3  1  5  
0  2  8  9  10  
11  12  13  14  15  
21  16  18  19  20  
4  22  23  24  17  
->0  7  3  1  5  
6  2  8  9  10  
11  12  13  14  15  
21  16  18  19  20  
4  22  23  24  17  
->7  0  3  1  5  
6  2  8  9  10  
11  12  13  14  15  
21  16  18  19  20  
4  22  23  24  17  
->7  2  3  1  5  
6  0  8  9  10  
11  12  13  14  15  
21  16  18  19  20  
4  22  23  24  17  
->7  2  3  1  5  
6  12  8  9  10  
11  0  13  14  15  
21  16  18  19  20  
4  22  23  24  17  
->7  2  3  1  5  
6  12  8  9  10  
11  16  13  14  15  
21  0  18  19  20  
4  22  23  24  17  
->7  2  3  1  5  
6  12  8  9  10  
11  16  13  14  15  
21  22  18  19  20  
4  0  23  24  17  
->7  2  3  1  5  
6  12  8  9  10  
11  16  13  14  15  
21  22  18  19  20  
0  4  23  24  17  
->7  2  3  1  5  
6  12  8  9  10  
11  16  13  14  15  
0  22  18  19  20  
21  4  23  24  17  
->7  2  3  1  5  
6  12  8  9  10  
11  16  13  14  15  
22  0  18  19  20  
21  4  23  24  17  
->7  2  3  1  5  
6  12  8  9  10  
11  16  13  14  15  
22  4  18  19  20  
21  0  23  24  17  
->7  2  3  1  5  
6  12  8  9  10  
11  16  13  14  15  
22  4  18  19  20  
0  21  23  24  17  
->7  2  3  1  5  
6  12  8  9  10  
11  16  13  14  15  
0  4  18  19  20  
22  21  23  24  17  
->7  2  3  1  5  
6  12  8  9  10  
0  16  13  14  15  
11  4  18  19  20  
22  21  23  24  17  
->7  2  3  1  5  
6  12  8  9  10  
16  0  13  14  15  
11  4  18  19  20  
22  21  23  24  17  
->7  2  3  1  5  
6  12  8  9  10  
16  4  13  14  15  
11  0  18  19  20  
22  21  23  24  17  
->7  2  3  1  5  
6  12  8  9  10  
16  4  13  14  15  
11  21  18  19  20  
22  0  23  24  17  
->7  2  3  1  5  
6  12  8  9  10  
16  4  13  14  15  
11  21  18  19  20  
0  22  23  24  17  
->7  2  3  1  5  
6  12  8  9  10  
16  4  13  14  15  
0  21  18  19  20  
11  22  23  24  17  
->7  2  3  1  5  
6  12  8  9  10  
0  4  13  14  15  
16  21  18  19  20  
11  22  23  24  17  
->7  2  3  1  5  
0  12  8  9  10  
6  4  13  14  15  
16  21  18  19  20  
11  22  23  24  17  
->7  2  3  1  5  
12  0  8  9  10  
6  4  13  14  15  
16  21  18  19  20  
11  22  23  24  17  
->7  2  3  1  5  
12  4  8  9  10  
6  0  13  14  15  
16  21  18  19  20  
11  22  23  24  17  
->7  2  3  1  5  
12  4  8  9  10  
0  6  13  14  15  
16  21  18  19  20  
11  22  23  24  17  
->7  2  3  1  5  
0  4  8  9  10  
12  6  13  14  15  
16  21  18  19  20  
11  22  23  24  17  
->0  2  3  1  5  
7  4  8  9  10  
12  6  13  14  15  
16  21  18  19  20  
11  22  23  24  17  
->2  0  3  1  5  
7  4  8  9  10  
12  6  13  14  15  
16  21  18  19  20  
11  22  23  24  17  
->2  4  3  1  5  
7  0  8  9  10  
12  6  13  14  15  
16  21  18  19  20  
11  22  23  24  17  
->2  4  3  1  5  
7  6  8  9  10  
12  0  13  14  15  
16  21  18  19  20  
11  22  23  24  17  
->2  4  3  1  5  
7  6  8  9  10  
0  12  13  14  15  
16  21  18  19  20  
11  22  23  24  17  
->2  4  3  1  5  
0  6  8  9  10  
7  12  13  14  15  
16  21  18  19  20  
11  22  23  24  17  
->2  4  3  1  5  
6  0  8  9  10  
7  12  13  14  15  
16  21  18  19  20  
11  22  23  24  17  
->2  0  3  1  5  
6  4  8  9  10  
7  12  13  14  15  
16  21  18  19  20  
11  22  23  24  17  
->0  2  3  1  5  
6  4  8  9  10  
7  12  13  14  15  
16  21  18  19  20  
11  22  23  24  17  
->6  2  3  1  5  
0  4  8  9  10  
7  12  13  14  15  
16  21  18  19  20  
11  22  23  24  17  
->6  2  3  1  5  
7  4  8  9  10  
0  12  13  14  15  
16  21  18  19  20  
11  22  23  24  17  
->6  2  3  1  5  
7  4  8  9  10  
16  12  13  14  15  
0  21  18  19  20  
11  22  23  24  17  
->6  2  3  1  5  
7  4  8  9  10  
16  12  13  14  15  
21  0  18  19  20  
11  22  23  24  17  
->6  2  3  1  5  
7  4  8  9  10  
16  12  13  14  15  
21  22  18  19  20  
11  0  23  24  17  
->6  2  3  1  5  
7  4  8  9  10  
16  12  13  14  15  
21  22  18  19  20  
0  11  23  24  17  
->6  2  3  1  5  
7  4  8  9  10  
16  12  13  14  15  
0  22  18  19  20  
21  11  23  24  17  
->6  2  3  1  5  
7  4  8  9  10  
0  12  13  14  15  
16  22  18  19  20  
21  11  23  24  17  
->6  2  3  1  5  
7  4  8  9  10  
12  0  13  14  15  
16  22  18  19  20  
21  11  23  24  17  
->6  2  3  1  5  
7  0  8  9  10  
12  4  13  14  15  
16  22  18  19  20  
21  11  23  24  17  
->6  2  3  1  5  
0  7  8  9  10  
12  4  13  14  15  
16  22  18  19  20  
21  11  23  24  17  
->0  2  3  1  5  
6  7  8  9  10  
12  4  13  14  15  
16  22  18  19  20  
21  11  23  24  17  
->2  0  3  1  5  
6  7  8  9  10  
12  4  13  14  15  
16  22  18  19  20  
21  11  23  24  17  
->2  7  3  1  5  
6  0  8  9  10  
12  4  13  14  15  
16  22  18  19  20  
21  11  23  24  17  
->2  7  3  1  5  
6  4  8  9  10  
12  0  13  14  15  
16  22  18  19  20  
21  11  23  24  17  
->2  7  3  1  5  
6  4  8  9  10  
0  12  13  14  15  
16  22  18  19  20  
21  11  23  24  17  
->2  7  3  1  5  
0  4  8  9  10  
6  12  13  14  15  
16  22  18  19  20  
21  11  23  24  17  
->2  7  3  1  5  
4  0  8  9  10  
6  12  13  14  15  
16  22  18  19  20  
21  11  23  24  17  
->2  0  3  1  5  
4  7  8  9  10  
6  12  13  14  15  
16  22  18  19  20  
21  11  23  24  17  
->0  2  3  1  5  
4  7  8  9  10  
6  12  13  14  15  
16  22  18  19  20  
21  11  23  24  17  
->4  2  3  1  5  
0  7  8  9  10  
6  12  13  14  15  
16  22  18  19  20  
21  11  23  24  17  
->4  2  3  1  5  
6  7  8  9  10  
0  12  13  14  15  
16  22  18  19  20  
21  11  23  24  17  
->4  2  3  1  5  
6  7  8  9  10  
16  12  13  14  15  
0  22  18  19  20  
21  11  23  24  17  
->4  2  3  1  5  
6  7  8  9  10  
16  12  13  14  15  
21  22  18  19  20  
0  11  23  24  17  
->4  2  3  1  5  
6  7  8  9  10  
16  12  13  14  15  
21  22  18  19  20  
11  0  23  24  17  
->4  2  3  1  5  
6  7  8  9  10  
16  12  13  14  15  
21  0  18  19  20  
11  22  23  24  17  
->4  2  3  1  5  
6  7  8  9  10  
16  12  13  14  15  
0  21  18  19  20  
11  22  23  24  17  
->4  2  3  1  5  
6  7  8  9  10  
16  12  13  14  15  
11  21  18  19  20  
0  22  23  24  17  
->4  2  3  1  5  
6  7  8  9  10  
16  12  13  14  15  
11  21  18  19  20  
22  0  23  24  17  
->4  2  3  1  5  
6  7  8  9  10  
16  12  13  14  15  
11  0  18  19  20  
22  21  23  24  17  
->4  2  3  1  5  
6  7  8  9  10  
16  0  13  14  15  
11  12  18  19  20  
22  21  23  24  17  
->4  2  3  1  5  
6  7  8  9  10  
0  16  13  14  15  
11  12  18  19  20  
22  21  23  24  17  
->4  2  3  1  5  
6  7  8  9  10  
11  16  13  14  15  
0  12  18  19  20  
22  21  23  24  17  
->4  2  3  1  5  
6  7  8  9  10  
11  16  13  14  15  
22  12  18  19  20  
0  21  23  24  17  
->4  2  3  1  5  
6  7  8  9  10  
11  16  13  14  15  
22  12  18  19  20  
21  0  23  24  17  
->4  2  3  1  5  
6  7  8  9  10  
11  16  13  14  15  
22  0  18  19  20  
21  12  23  24  17  
->4  2  3  1  5  
6  7  8  9  10  
11  0  13  14  15  
22  16  18  19  20  
21  12  23  24  17  
->4  2  3  1  5  
6  7  8  9  10  
0  11  13  14  15  
22  16  18  19  20  
21  12  23  24  17  
->4  2  3  1  5  
6  7  8  9  10  
22  11  13  14  15  
0  16  18  19  20  
21  12  23  24  17  
->4  2  3  1  5  
6  7  8  9  10  
22  11  13  14  15  
16  0  18  19  20  
21  12  23  24  17  
->4  2  3  1  5  
6  7  8  9  10  
22  11  13  14  15  
16  12  18  19  20  
21  0  23  24  17  
->4  2  3  1  5  
6  7  8  9  10  
22  11  13  14  15  
16  12  18  19  20  
0  21  23  24  17  
->4  2  3  1  5  
6  7  8  9  10  
22  11  13  14  15  
0  12  18  19  20  
16  21  23  24  17  
->4  2  3  1  5  
6  7  8  9  10  
0  11  13  14  15  
22  12  18  19  20  
16  21  23  24  17  
->4  2  3  1  5  
6  7  8  9  10  
11  0  13  14  15  
22  12  18  19  20  
16  21  23  24  17  
->4  2  3  1  5  
6  7  8  9  10  
11  12  13  14  15  
22  0  18  19  20  
16  21  23  24  17  
->4  2  3  1  5  
6  7  8  9  10  
11  12  13  14  15  
0  22  18  19  20  
16  21  23  24  17  
->4  2  3  1  5  
6  7  8  9  10  
11  12  13  14  15  
16  22  18  19  20  
0  21  23  24  17  
->4  2  3  1  5  
6  7  8  9  10  
11  12  13  14  15  
16  22  18  19  20  
21  0  23  24  17  
->4  2  3  1  5  
6  7  8  9  10  
11  12  13  14  15  
16  0  18  19  20  
21  22  23  24  17  
->4  2  3  1  5  
6  7  8  9  10  
11  12  13  14  15  
16  18  0  19  20  
21  22  23  24  17  
->4  2  3  1  5  
6  7  8  9  10  
11  12  13  14  15  
16  18  19  0  20  
21  22  23  24  17  
->4  2  3  1  5  
6  7  8  9  10  
11  12  13  14  15  
16  18  19  24  20  
21  22  23  0  17  
->4  2  3  1  5  
6  7  8  9  10  
11  12  13  14  15  
16  18  19  24  20  
21  22  23  17  0  
->4  2  3  1  5  
6  7  8  9  10  
11  12  13  14  15  
16  18  19  24  0  
21  22  23  17  20  
->4  2  3  1  5  
6  7  8  9  10  
11  12  13  14  15  
16  18  19  0  24  
21  22  23  17  20  
->4  2  3  1  5  
6  7  8  9  10  
11  12  13  14  15  
16  18  0  19  24  
21  22  23  17  20  
->4  2  3  1  5  
6  7  8  9  10  
11  12  13  14  15  
16  18  23  19  24  
21  22  0  17  20  
->4  2  3  1  5  
6  7  8  9  10  
11  12  13  14  15  
16  18  23  19  24  
21  22  17  0  20  
->4  2  3  1  5  
6  7  8  9  10  
11  12  13  14  15  
16  18  23  0  24  
21  22  17  19  20  
->4  2  3  1  5  
6  7  8  9  10  
11  12  13  14  15  
16  18  23  24  0  
21  22  17  19  20  
->4  2  3  1  5  
6  7  8  9  10  
11  12  13  14  15  
16  18  23  24  20  
21  22  17  19  0  
->4  2  3  1  5  
6  7  8  9  10  
11  12  13  14  15  
16  18  23  24  20  
21  22  17  0  19  
->4  2  3  1  5  
6  7  8  9  10  
11  12  13  14  15  
16  18  23  0  20  
21  22  17  24  19  
->4  2  3  1  5  
6  7  8  9  10  
11  12  13  14  15  
16  18  0  23  20  
21  22  17  24  19  
->4  2  3  1  5  
6  7  8  9  10  
11  12  13  14  15  
16  0  18  23  20  
21  22  17  24  19  
->4  2  3  1  5  
6  7  8  9  10  
11  12  13  14  15  
16  22  18  23  20  
21  0  17  24  19  
->4  2  3  1  5  
6  7  8  9  10  
11  12  13  14  15  
16  22  18  23  20  
21  17  0  24  19  
->4  2  3  1  5  
6  7  8  9  10  
11  12  13  14  15  
16  22  0  23  20  
21  17  18  24  19  
->4  2  3  1  5  
6  7  8  9  10  
11  12  13  14  15  
16  22  23  0  20  
21  17  18  24  19  
->4  2  3  1  5  
6  7  8  9  10  
11  12  13  14  15  
16  22  23  24  20  
21  17  18  0  19  
->4  2  3  1  5  
6  7  8  9  10  
11  12  13  14  15  
16  22  23  24  20  
21  17  0  18  19  
->4  2  3  1  5  
6  7  8  9  10  
11  12  13  14  15  
16  22  0  24  20  
21  17  23  18  19  
->4  2  3  1  5  
6  7  8  9  10  
11  12  13  14  15  
16  0  22  24  20  
21  17  23  18  19  
->4  2  3  1  5  
6  7  8  9  10  
11  12  13  14  15  
16  17  22  24  20  
21  0  23  18  19  
->4  2  3  1  5  
6  7  8  9  10  
11  12  13  14  15  
16  17  22  24  20  
21  23  0  18  19  
->4  2  3  1  5  
6  7  8  9  10  
11  12  13  14  15  
16  17  22  24  20  
21  23  18  0  19  
->4  2  3  1  5  
6  7  8  9  10  
11  12  13  14  15  
16  17  22  0  20  
21  23  18  24  19  
->4  2  3  1  5  
6  7  8  9  10  
11  12  13  14  15  
16  17  0  22  20  
21  23  18  24  19  
->4  2  3  1  5  
6  7  8  9  10  
11  12  13  14  15  
16  17  18  22  20  
21  23  0  24  19  
->4  2  3  1  5  
6  7  8  9  10  
11  12  13  14  15  
16  17  18  22  20  
21  23  24  0  19  
->4  2  3  1  5  
6  7  8  9  10  
11  12  13  14  15  
16  17  18  22  20  
21  23  24  19  0  
->4  2  3  1  5  
6  7  8  9  10  
11  12  13  14  15  
16  17  18  22  0  
21  23  24  19  20  
->4  2  3  1  5  
6  7  8  9  10  
11  12  13  14  15  
16  17  18  0  22  
21  23  24  19  20  
->4  2  3  1  5  
6  7  8  9  10  
11  12  13  14  15  
16  17  18  19  22  
21  23  24  0  20  
->4  2  3  1  5  
6  7  8  9  10  
11  12  13  14  15  
16  17  18  19  22  
21  23  0  24  20  
->4  2  3  1  5  
6  7  8  9  10  
11  12  13  14  15  
16  17  18  19  22  
21  0  23  24  20  
->4  2  3  1  5  
6  7  8  9  10  
11  12  13  14  15  
16  0  18  19  22  
21  17  23  24  20  
->4  2  3  1  5  
6  7  8  9  10  
11  12  13  14  15  
16  18  0  19  22  
21  17  23  24  20  
->4  2  3  1  5  
6  7  8  9  10  
11  12  13  14  15  
16  18  19  0  22  
21  17  23  24  20  
->4  2  3  1  5  
6  7  8  9  10  
11  12  13  14  15  
16  18  19  22  0  
21  17  23  24  20  
->4  2  3  1  5  
6  7  8  9  10  
11  12  13  14  15  
16  18  19  22  20  
21  17  23  24  0  
->4  2  3  1  5  
6  7  8  9  10  
11  12  13  14  15  
16  18  19  22  20  
21  17  23  0  24  
->4  2  3  1  5  
6  7  8  9  10  
11  12  13  14  15  
16  18  19  0  20  
21  17  23  22  24  
->4  2  3  1  5  
6  7  8  9  10  
11  12  13  14  15  
16  18  0  19  20  
21  17  23  22  24  
->4  2  3  1  5  
6  7  8  9  10  
11  12  13  14  15  
16  0  18  19  20  
21  17  23  22  24  
->4  2  3  1  5  
6  7  8  9  10  
11  12  13  14  15  
16  17  18  19  20  
21  0  23  22  24  
->4  2  3  1  5  
6  7  8  9  10  
11  12  13  14  15  
16  17  18  19  20  
21  23  0  22  24  
->4  2  3  1  5  
6  7  8  9  10  
11  12  13  14  15  
16  17  18  19  20  
21  23  22  0  24  
->4  2  3  1  5  
6  7  8  9  10  
11  12  13  14  15  
16  17  18  19  20  
21  23  22  24  0  
->4  2  3  1  5  
6  7  8  9  10  
11  12  13  14  15  
16  17  18  19  0  
21  23  22  24  20  
->4  2  3  1  5  
6  7  8  9  10  
11  12  13  14  15  
16  17  18  0  19  
21  23  22  24  20  
->4  2  3  1  5  
6  7  8  9  10  
11  12  13  14  15  
16  17  0  18  19  
21  23  22  24  20  
->4  2  3  1  5  
6  7  8  9  10  
11  12  13  14  15  
16  17  22  18  19  
21  23  0  24  20  
->4  2  3  1  5  
6  7  8  9  10  
11  12  13  14  15  
16  17  22  18  19  
21  0  23  24  20  
->4  2  3  1  5  
6  7  8  9  10  
11  12  13  14  15  
16  0  22  18  19  
21  17  23  24  20  
->4  2  3  1  5  
6  7  8  9  10  
11  12  13  14  15  
16  22  0  18  19  
21  17  23  24  20  
->4  2  3  1  5  
6  7  8  9  10  
11  12  13  14  15  
16  22  18  0  19  
21  17  23  24  20  
->4  2  3  1  5  
6  7  8  9  10  
11  12  13  14  15  
16  22  18  19  0  
21  17  23  24  20  
->4  2  3  1  5  
6  7  8  9  10  
11  12  13  14  15  
16  22  18  19  20  
21  17  23  24  0  
->4  2  3  1  5  
6  7  8  9  10  
11  12  13  14  15  
16  22  18  19  20  
21  17  23  0  24  
->4  2  3  1  5  
6  7  8  9  10  
11  12  13  14  15  
16  22  18  19  20  
21  17  0  23  24  
->4  2  3  1  5  
6  7  8  9  10  
11  12  13  14  15  
16  22  18  19  20  
21  0  17  23  24  
->4  2  3  1  5  
6  7  8  9  10  
11  12  13  14  15  
16  0  18  19  20  
21  22  17  23  24  
->4  2  3  1  5  
6  7  8  9  10  
11  12  13  14  15  
16  18  0  19  20  
21  22  17  23  24  
->4  2  3  1  5  
6  7  8  9  10  
11  12  13  14  15  
16  18  17  19  20  
21  22  0  23  24  
->4  2  3  1  5  
6  7  8  9  10  
11  12  13  14  15  
16  18  17  19  20  
21  22  23  0  24  
->4  2  3  1  5  
6  7  8  9  10  
11  12  13  14  15  
16  18  17  0  20  
21  22  23  19  24  
->4  2  3  1  5  
6  7  8  9  10  
11  12  13  14  15  
16  18  0  17  20  
21  22  23  19  24  
->4  2  3  1  5  
6  7  8  9  10  
11  12  13  14  15  
16  0  18  17  20  
21  22  23  19  24  
->4  2  3  1  5  
6  7  8  9  10  
11  12  13  14  15  
16  22  18  17  20  
21  0  23  19  24  
->4  2  3  1  5  
6  7  8  9  10  
11  12  13  14  15  
16  22  18  17  20  
21  23  0  19  24  
->4  2  3  1  5  
6  7  8  9  10  
11  12  13  14  15  
16  22  0  17  20  
21  23  18  19  24  
->4  2  3  1  5  
6  7  8  9  10  
11  12  13  14  15  
16  22  17  0  20  
21  23  18  19  24  
->4  2  3  1  5  
6  7  8  9  10  
11  12  13  14  15  
16  22  17  19  20  
21  23  18  0  24  
->4  2  3  1  5  
6  7  8  9  10  
11  12  13  14  15  
16  22  17  19  20  
21  23  0  18  24  
->4  2  3  1  5  
6  7  8  9  10  
11  12  13  14  15  
16  22  17  19  20  
21  0  23  18  24  
->4  2  3  1  5  
6  7  8  9  10  
11  12  13  14  15  
16  0  17  19  20  
21  22  23  18  24  
->4  2  3  1  5  
6  7  8  9  10  
11  12  13  14  15  
16  17  0  19  20  
21  22  23  18  24  
->4  2  3  1  5  
6  7  8  9  10  
11  12  13  14  15  
16  17  19  0  20  
21  22  23  18  24  
->4  2  3  1  5  
6  7  8  9  10  
11  12  13  14  15  
16  17  19  18  20  
21  22  23  0  24  
->4  2  3  1  5  
6  7  8  9  10  
11  12  13  14  15  
16  17  19  18  20  
21  22  23  24  0  
->4  2  3  1  5  
6  7  8  9  10  
11  12  13  14  15  
16  17  19  18  0  
21  22  23  24  20  
->4  2  3  1  5  
6  7  8  9  10  
11  12  13  14  15  
16  17  19  0  18  
21  22  23  24  20  
->4  2  3  1  5  
6  7  8  9  10  
11  12  13  14  15  
16  17  0  19  18  
21  22  23  24  20  
->4  2  3  1  5  
6  7  8  9  10  
11  12  13  14  15  
16  17  23  19  18  
21  22  0  24  20  
->4  2  3  1  5  
6  7  8  9  10  
11  12  13  14  15  
16  17  23  19  18  
21  22  24  0  20  
->4  2  3  1  5  
6  7  8  9  10  
11  12  13  14  15  
16  17  23  0  18  
21  22  24  19  20  
->4  2  3  1  5  
6  7  8  9  10  
11  12  13  14  15  
16  17  23  18  0  
21  22  24  19  20  
->4  2  3  1  5  
6  7  8  9  10  
11  12  13  14  15  
16  17  23  18  20  
21  22  24  19  0  
->4  2  3  1  5  
6  7  8  9  10  
11  12  13  14  15  
16  17  23  18  20  
21  22  24  0  19  
->4  2  3  1  5  
6  7  8  9  10  
11  12  13  14  15  
16  17  23  18  20  
21  22  0  24  19  
->4  2  3  1  5  
6  7  8  9  10  
11  12  13  14  15  
16  17  0  18  20  
21  22  23  24  19  
->4  2  3  1  5  
6  7  8  9  10  
11  12  13  14  15  
16  17  18  0  20  
21  22  23  24  19  
->4  2  3  1  5  
6  7  8  9  10  
11  12  13  14  15  
16  17  18  24  20  
21  22  23  0  19  
->4  2  3  1  5  
6  7  8  9  10  
11  12  13  14  15  
16  17  18  24  20  
21  22  23  19  0  
->4  2  3  1  5  
6  7  8  9  10  
11  12  13  14  15  
16  17  18  24  0  
21  22  23  19  20  
->4  2  3  1  5  
6  7  8  9  10  
11  12  13  14  15  
16  17  18  0  24  
21  22  23  19  20  
->4  2  3  1  5  
6  7  8  9  10  
11  12  13  14  15  
16  17  18  19  24  
21  22  23  0  20  
->4  2  3  1  5  
6  7  8  9  10  
11  12  13  14  15  
16  17  18  19  24  
21  22  23  20  0  
->4  2  3  1  5  
6  7  8  9  10  
11  12  13  14  15  
16  17  18  19  0  
21  22  23  20  24  
->4  2  3  1  5  
6  7  8  9  10  
11  12  13  14  0  
16  17  18  19  15  
21  22  23  20  24  
->4  2  3  1  5  
6  7  8  9  10  
11  12  13  0  14  
16  17  18  19  15  
21  22  23  20  24  
->4  2  3  1  5  
6  7  8  9  10  
11  12  13  19  14  
16  17  18  0  15  
21  22  23  20  24  
->4  2  3  1  5  
6  7  8  9  10  
11  12  13  19  14  
16  17  18  20  15  
21  22  23  0  24  
->4  2  3  1  5  
6  7  8  9  10  
11  12  13  19  14  
16  17  18  20  15  
21  22  23  24  0  
->4  2  3  1  5  
6  7  8  9  10  
11  12  13  19  14  
16  17  18  20  0  
21  22  23  24  15  
->4  2  3  1  5  
6  7  8  9  10  
11  12  13  19  14  
16  17  18  0  20  
21  22  23  24  15  
->4  2  3  1  5  
6  7  8  9  10  
11  12  13  0  14  
16  17  18  19  20  
21  22  23  24  15  
->4  2  3  1  5  
6  7  8  0  10  
11  12  13  9  14  
16  17  18  19  20  
21  22  23  24  15  
->4  2  3  0  5  
6  7  8  1  10  
11  12  13  9  14  
16  17  18  19  20  
21  22  23  24  15  
->4  2  0  3  5  
6  7  8  1  10  
11  12  13  9  14  
16  17  18  19  20  
21  22  23  24  15  
->4  2  8  3  5  
6  7  0  1  10  
11  12  13  9  14  
16  17  18  19  20  
21  22  23  24  15  
->4  2  8  3  5  
6  7  1  0  10  
11  12  13  9  14  
16  17  18  19  20  
21  22  23  24  15  
->4  2  8  3  5  
6  7  1  9  10  
11  12  13  0  14  
16  17  18  19  20  
21  22  23  24  15  
->4  2  8  3  5  
6  7  1  9  10  
11  12  0  13  14  
16  17  18  19  20  
21  22  23  24  15  
->4  2  8  3  5  
6  7  0  9  10  
11  12  1  13  14  
16  17  18  19  20  
21  22  23  24  15  
->4  2  0  3  5  
6  7  8  9  10  
11  12  1  13  14  
16  17  18  19  20  
21  22  23  24  15  
->4  2  3  0  5  
6  7  8  9  10  
11  12  1  13  14  
16  17  18  19  20  
21  22  23  24  15  
->4  2  3  9  5  
6  7  8  0  10  
11  12  1  13  14  
16  17  18  19  20  
21  22  23  24  15  
->4  2  3  9  5  
6  7  0  8  10  
11  12  1  13  14  
16  17  18  19  20  
21  22  23  24  15  
->4  2  3  9  5  
6  7  1  8  10  
11  12  0  13  14  
16  17  18  19  20  
21  22  23  24  15  
->4  2  3  9  5  
6  7  1  8  10  
11  12  13  0  14  
16  17  18  19  20  
21  22  23  24  15  
->4  2  3  9  5  
6  7  1  0  10  
11  12  13  8  14  
16  17  18  19  20  
21  22  23  24  15  
->4  2  3  0  5  
6  7  1  9  10  
11  12  13  8  14  
16  17  18  19  20  
21  22  23  24  15  
->4  2  0  3  5  
6  7  1  9  10  
11  12  13  8  14  
16  17  18  19  20  
21  22  23  24  15  
->4  2  1  3  5  
6  7  0  9  10  
11  12  13  8  14  
16  17  18  19  20  
21  22  23  24  15  
->4  2  1  3  5  
6  7  13  9  10  
11  12  0  8  14  
16  17  18  19  20  
21  22  23  24  15  
->4  2  1  3  5  
6  7  13  9  10  
11  12  8  0  14  
16  17  18  19  20  
21  22  23  24  15  
->4  2  1  3  5  
6  7  13  9  10  
11  12  8  14  0  
16  17  18  19  20  
21  22  23  24  15  
->4  2  1  3  5  
6  7  13  9  0  
11  12  8  14  10  
16  17  18  19  20  
21  22  23  24  15  
->4  2  1  3  5  
6  7  13  0  9  
11  12  8  14  10  
16  17  18  19  20  
21  22  23  24  15  
->4  2  1  3  5  
6  7  0  13  9  
11  12  8  14  10  
16  17  18  19  20  
21  22  23  24  15  
->4  2  1  3  5  
6  7  8  13  9  
11  12  0  14  10  
16  17  18  19  20  
21  22  23  24  15  
->4  2  1  3  5  
6  7  8  13  9  
11  12  14  0  10  
16  17  18  19  20  
21  22  23  24  15  
->4  2  1  3  5  
6  7  8  0  9  
11  12  14  13  10  
16  17  18  19  20  
21  22  23  24  15  
->4  2  1  3  5  
6  7  8  9  0  
11  12  14  13  10  
16  17  18  19  20  
21  22  23  24  15  
->4  2  1  3  5  
6  7  8  9  10  
11  12  14  13  0  
16  17  18  19  20  
21  22  23  24  15  
->4  2  1  3  5  
6  7  8  9  10  
11  12  14  13  20  
16  17  18  19  0  
21  22  23  24  15  
->4  2  1  3  5  
6  7  8  9  10  
11  12  14  13  20  
16  17  18  0  19  
21  22  23  24  15  
->4  2  1  3  5  
6  7  8  9  10  
11  12  14  0  20  
16  17  18  13  19  
21  22  23  24  15  
->4  2  1  3  5  
6  7  8  9  10  
11  12  0  14  20  
16  17  18  13  19  
21  22  23  24  15  
->4  2  1  3  5  
6  7  8  9  10  
11  12  18  14  20  
16  17  0  13  19  
21  22  23  24  15  
->4  2  1  3  5  
6  7  8  9  10  
11  12  18  14  20  
16  17  13  0  19  
21  22  23  24  15  
->4  2  1  3  5  
6  7  8  9  10  
11  12  18  14  20  
16  17  13  19  0  
21  22  23  24  15  
->4  2  1  3  5  
6  7  8  9  10  
11  12  18  14  0  
16  17  13  19  20  
21  22  23  24  15  
->4  2  1  3  5  
6  7  8  9  10  
11  12  18  0  14  
16  17  13  19  20  
21  22  23  24  15  
->4  2  1  3  5  
6  7  8  9  10  
11  12  0  18  14  
16  17  13  19  20  
21  22  23  24  15  
->4  2  1  3  5  
6  7  8  9  10  
11  12  13  18  14  
16  17  0  19  20  
21  22  23  24  15  
->4  2  1  3  5  
6  7  8  9  10  
11  12  13  18  14  
16  17  19  0  20  
21  22  23  24  15  
->4  2  1  3  5  
6  7  8  9  10  
11  12  13  0  14  
16  17  19  18  20  
21  22  23  24  15  
->4  2  1  3  5  
6  7  8  9  10  
11  12  13  14  0  
16  17  19  18  20  
21  22  23  24  15  
->4  2  1  3  5  
6  7  8  9  10  
11  12  13  14  20  
16  17  19  18  0  
21  22  23  24  15  
->4  2  1  3  5  
6  7  8  9  10  
11  12  13  14  20  
16  17  19  18  15  
21  22  23  24  0  
->4  2  1  3  5  
6  7  8  9  10  
11  12  13  14  20  
16  17  19  18  15  
21  22  23  0  24  
->4  2  1  3  5  
6  7  8  9  10  
11  12  13  14  20  
16  17  19  0  15  
21  22  23  18  24  
->4  2  1  3  5  
6  7  8  9  10  
11  12  13  14  20  
16  17  19  15  0  
21  22  23  18  24  
->4  2  1  3  5  
6  7  8  9  10  
11  12  13  14  0  
16  17  19  15  20  
21  22  23  18  24  
->4  2  1  3  5  
6  7  8  9  10  
11  12  13  0  14  
16  17  19  15  20  
21  22  23  18  24  
->4  2  1  3  5  
6  7  8  9  10  
11  12  13  15  14  
16  17  19  0  20  
21  22  23  18  24  
->4  2  1  3  5  
6  7  8  9  10  
11  12  13  15  14  
16  17  0  19  20  
21  22  23  18  24  
->4  2  1  3  5  
6  7  8  9  10  
11  12  13  15  14  
16  17  23  19  20  
21  22  0  18  24  
->4  2  1  3  5  
6  7  8  9  10  
11  12  13  15  14  
16  17  23  19  20  
21  22  18  0  24  
->4  2  1  3  5  
6  7  8  9  10  
11  12  13  15  14  
16  17  23  19  20  
21  22  18  24  0  
->4  2  1  3  5  
6  7  8  9  10  
11  12  13  15  14  
16  17  23  19  0  
21  22  18  24  20  
->4  2  1  3  5  
6  7  8  9  10  
11  12  13  15  0  
16  17  23  19  14  
21  22  18  24  20  
->4  2  1  3  5  
6  7  8  9  10  
11  12  13  0  15  
16  17  23  19  14  
21  22  18  24  20  
->4  2  1  3  5  
6  7  8  9  10  
11  12  13  19  15  
16  17  23  0  14  
21  22  18  24  20  
->4  2  1  3  5  
6  7  8  9  10  
11  12  13  19  15  
16  17  23  14  0  
21  22  18  24  20  
->4  2  1  3  5  
6  7  8  9  10  
11  12  13  19  15  
16  17  23  14  20  
21  22  18  24  0  
->4  2  1  3  5  
6  7  8  9  10  
11  12  13  19  15  
16  17  23  14  20  
21  22  18  0  24  
->4  2  1  3  5  
6  7  8  9  10  
11  12  13  19  15  
16  17  23  14  20  
21  22  0  18  24  
->4  2  1  3  5  
6  7  8  9  10  
11  12  13  19  15  
16  17  0  14  20  
21  22  23  18  24  
->4  2  1  3  5  
6  7  8  9  10  
11  12  13  19  15  
16  17  14  0  20  
21  22  23  18  24  
->4  2  1  3  5  
6  7  8  9  10  
11  12  13  19  15  
16  17  14  18  20  
21  22  23  0  24  
->4  2  1  3  5  
6  7  8  9  10  
11  12  13  19  15  
16  17  14  18  20  
21  22  0  23  24  
->4  2  1  3  5  
6  7  8  9  10  
11  12  13  19  15  
16  17  0  18  20  
21  22  14  23  24  
->4  2  1  3  5  
6  7  8  9  10  
11  12  13  19  15  
16  17  18  0  20  
21  22  14  23  24  
->4  2  1  3  5  
6  7  8  9  10  
11  12  13  0  15  
16  17  18  19  20  
21  22  14  23  24  
->4  2  1  3  5  
6  7  8  9  10  
11  12  0  13  15  
16  17  18  19  20  
21  22  14  23  24  
->4  2  1  3  5  
6  7  8  9  10  
11  12  18  13  15  
16  17  0  19  20  
21  22  14  23  24  
->4  2  1  3  5  
6  7  8  9  10  
11  12  18  13  15  
16  17  14  19  20  
21  22  0  23  24  
->4  2  1  3  5  
6  7  8  9  10  
11  12  18  13  15  
16  17  14  19  20  
21  22  23  0  24  
->4  2  1  3  5  
6  7  8  9  10  
11  12  18  13  15  
16  17  14  0  20  
21  22  23  19  24  
->4  2  1  3  5  
6  7  8  9  10  
11  12  18  13  15  
16  17  0  14  20  
21  22  23  19  24  
->4  2  1  3  5  
6  7  8  9  10  
11  12  0  13  15  
16  17  18  14  20  
21  22  23  19  24  
->4  2  1  3  5  
6  7  8  9  10  
11  12  13  0  15  
16  17  18  14  20  
21  22  23  19  24  
->4  2  1  3  5  
6  7  8  9  10  
11  12  13  14  15  
16  17  18  0  20  
21  22  23  19  24  
->4  2  1  3  5  
6  7  8  9  10  
11  12  13  14  15  
16  17  18  19  20  
21  22  23  0  24  
->4  2  1  3  5  
6  7  8  9  10  
11  12  13  14  15  
16  17  18  19  20  
21  22  23  24  0  
->4  2  1  3  5  
6  7  8  9  10  
11  12  13  14  15  
16  17  18  19  0  
21  22  23  24  20  
->4  2  1  3  5  
6  7  8  9  10  
11  12  13  14  0  
16  17  18  19  15  
21  22  23  24  20  
->4  2  1  3  5  
6  7  8  9  10  
11  12  13  0  14  
16  17  18  19  15  
21  22  23  24  20  
->4  2  1  3  5  
6  7  8  9  10  
11  12  13  19  14  
16  17  18  0  15  
21  22  23  24  20  
->4  2  1  3  5  
6  7  8  9  10  
11  12  13  19  14  
16  17  18  15  0  
21  22  23  24  20  
->4  2  1  3  5  
6  7  8  9  10  
11  12  13  19  14  
16  17  18  15  20  
21  22  23  24  0  
->4  2  1  3  5  
6  7  8  9  10  
11  12  13  19  14  
16  17  18  15  20  
21  22  23  0  24  
->4  2  1  3  5  
6  7  8  9  10  
11  12  13  19  14  
16  17  18  0  20  
21  22  23  15  24  
->4  2  1  3  5  
6  7  8  9  10  
11  12  13  0  14  
16  17  18  19  20  
21  22  23  15  24  
->4  2  1  3  5  
6  7  8  9  10  
11  12  13  14  0  
16  17  18  19  20  
21  22  23  15  24  
->4  2  1  3  5  
6  7  8  9  10  
11  12  13  14  20  
16  17  18  19  0  
21  22  23  15  24  
->4  2  1  3  5  
6  7  8  9  10  
11  12  13  14  20  
16  17  18  0  19  
21  22  23  15  24  
->4  2  1  3  5  
6  7  8  9  10  
11  12  13  14  20  
16  17  18  15  19  
21  22  23  0  24  
->4  2  1  3  5  
6  7  8  9  10  
11  12  13  14  20  
16  17  18  15  19  
21  22  23  24  0  
->4  2  1  3  5  
6  7  8  9  10  
11  12  13  14  20  
16  17  18  15  0  
21  22  23  24  19  
->4  2  1  3  5  
6  7  8  9  10  
11  12  13  14  0  
16  17  18  15  20  
21  22  23  24  19  
->4  2  1  3  5  
6  7  8  9  10  
11  12  13  0  14  
16  17  18  15  20  
21  22  23  24  19  
->4  2  1  3  5  
6  7  8  9  10  
11  12  13  15  14  
16  17  18  0  20  
21  22  23  24  19  
->4  2  1  3  5  
6  7  8  9  10  
11  12  13  15  14  
16  17  18  24  20  
21  22  23  0  19  
->4  2  1  3  5  
6  7  8  9  10  
11  12  13  15  14  
16  17  18  24  20  
21  22  23  19  0  
->4  2  1  3  5  
6  7  8  9  10  
11  12  13  15  14  
16  17  18  24  0  
21  22  23  19  20  
->4  2  1  3  5  
6  7  8  9  10  
11  12  13  15  14  
16  17  18  0  24  
21  22  23  19  20  
->4  2  1  3  5  
6  7  8  9  10  
11  12  13  15  14  
16  17  18  19  24  
21  22  23  0  20  
->4  2  1  3  5  
6  7  8  9  10  
11  12  13  15  14  
16  17  18  19  24  
21  22  23  20  0  
->4  2  1  3  5  
6  7  8  9  10  
11  12  13  15  14  
16  17  18  19  0  
21  22  23  20  24  
->4  2  1  3  5  
6  7  8  9  10  
11  12  13  15  0  
16  17  18  19  14  
21  22  23  20  24  
->4  2  1  3  5  
6  7  8  9  10  
11  12  13  0  15  
16  17  18  19  14  
21  22  23  20  24  
->4  2  1  3  5  
6  7  8  9  10  
11  12  13  19  15  
16  17  18  0  14  
21  22  23  20  24  
->4  2  1  3  5  
6  7  8  9  10  
11  12  13  19  15  
16  17  18  20  14  
21  22  23  0  24  
->4  2  1  3  5  
6  7  8  9  10  
11  12  13  19  15  
16  17  18  20  14  
21  22  23  24  0  
->4  2  1  3  5  
6  7  8  9  10  
11  12  13  19  15  
16  17  18  20  0  
21  22  23  24  14  
->4  2  1  3  5  
6  7  8  9  10  
11  12  13  19  15  
16  17  18  0  20  
21  22  23  24  14  
->4  2  1  3  5  
6  7  8  9  10  
11  12  13  0  15  
16  17  18  19  20  
21  22  23  24  14  
->4  2  1  3  5  
6  7  8  9  10  
11  12  0  13  15  
16  17  18  19  20  
21  22  23  24  14  
->4  2  1  3  5  
6  7  0  9  10  
11  12  8  13  15  
16  17  18  19  20  
21  22  23  24  14  
->4  2  0  3  5  
6  7  1  9  10  
11  12  8  13  15  
16  17  18  19  20  
21  22  23  24  14  
->4  0  2  3  5  
6  7  1  9  10  
11  12  8  13  15  
16  17  18  19  20  
21  22  23  24  14  
->4  7  2  3  5  
6  0  1  9  10  
11  12  8  13  15  
16  17  18  19  20  
21  22  23  24  14  
->4  7  2  3  5  
6  1  0  9  10  
11  12  8  13  15  
16  17  18  19  20  
21  22  23  24  14  
->4  7  2  3  5  
6  1  8  9  10  
11  12  0  13  15  
16  17  18  19  20  
21  22  23  24  14  
->4  7  2  3  5  
6  1  8  9  10  
11  0  12  13  15  
16  17  18  19  20  
21  22  23  24  14  
->4  7  2  3  5  
6  0  8  9  10  
11  1  12  13  15  
16  17  18  19  20  
21  22  23  24  14  
->4  0  2  3  5  
6  7  8  9  10  
11  1  12  13  15  
16  17  18  19  20  
21  22  23  24  14  
->4  2  0  3  5  
6  7  8  9  10  
11  1  12  13  15  
16  17  18  19  20  
21  22  23  24  14  
->4  2  3  0  5  
6  7  8  9  10  
11  1  12  13  15  
16  17  18  19  20  
21  22  23  24  14  
->4  2  3  9  5  
6  7  8  0  10  
11  1  12  13  15  
16  17  18  19  20  
21  22  23  24  14  
->4  2  3  9  5  
6  7  0  8  10  
11  1  12  13  15  
16  17  18  19  20  
21  22  23  24  14  
->4  2  3  9  5  
6  0  7  8  10  
11  1  12  13  15  
16  17  18  19  20  
21  22  23  24  14  
->4  2  3  9  5  
6  1  7  8  10  
11  0  12  13  15  
16  17  18  19  20  
21  22  23  24  14  
->4  2  3  9  5  
6  1  7  8  10  
11  12  0  13  15  
16  17  18  19  20  
21  22  23  24  14  
->4  2  3  9  5  
6  1  7  8  10  
11  12  13  0  15  
16  17  18  19  20  
21  22  23  24  14  
->4  2  3  9  5  
6  1  7  0  10  
11  12  13  8  15  
16  17  18  19  20  
21  22  23  24  14  
->4  2  3  0  5  
6  1  7  9  10  
11  12  13  8  15  
16  17  18  19  20  
21  22  23  24  14  
->4  2  0  3  5  
6  1  7  9  10  
11  12  13  8  15  
16  17  18  19  20  
21  22  23  24  14  
->4  0  2  3  5  
6  1  7  9  10  
11  12  13  8  15  
16  17  18  19  20  
21  22  23  24  14  
->0  4  2  3  5  
6  1  7  9  10  
11  12  13  8  15  
16  17  18  19  20  
21  22  23  24  14  
->6  4  2  3  5  
0  1  7  9  10  
11  12  13  8  15  
16  17  18  19  20  
21  22  23  24  14  
->6  4  2  3  5  
1  0  7  9  10  
11  12  13  8  15  
16  17  18  19  20  
21  22  23  24  14  
->6  4  2  3  5  
1  7  0  9  10  
11  12  13  8  15  
16  17  18  19  20  
21  22  23  24  14  
->6  4  0  3  5  
1  7  2  9  10  
11  12  13  8  15  
16  17  18  19  20  
21  22  23  24  14  
->6  0  4  3  5  
1  7  2  9  10  
11  12  13  8  15  
16  17  18  19  20  
21  22  23  24  14  
->6  7  4  3  5  
1  0  2  9  10  
11  12  13  8  15  
16  17  18  19  20  
21  22  23  24  14  
->6  7  4  3  5  
1  2  0  9  10  
11  12  13  8  15  
16  17  18  19  20  
21  22  23  24  14  
->6  7  0  3  5  
1  2  4  9  10  
11  12  13  8  15  
16  17  18  19  20  
21  22  23  24  14  
->6  0  7  3  5  
1  2  4  9  10  
11  12  13  8  15  
16  17  18  19  20  
21  22  23  24  14  
->6  2  7  3  5  
1  0  4  9  10  
11  12  13  8  15  
16  17  18  19  20  
21  22  23  24  14  
->6  2  7  3  5  
0  1  4  9  10  
11  12  13  8  15  
16  17  18  19  20  
21  22  23  24  14  
->0  2  7  3  5  
6  1  4  9  10  
11  12  13  8  15  
16  17  18  19  20  
21  22  23  24  14  
->2  0  7  3  5  
6  1  4  9  10  
11  12  13  8  15  
16  17  18  19  20  
21  22  23  24  14  
->2  7  0  3  5  
6  1  4  9  10  
11  12  13  8  15  
16  17  18  19  20  
21  22  23  24  14  
->2  7  4  3  5  
6  1  0  9  10  
11  12  13  8  15  
16  17  18  19  20  
21  22  23  24  14  
->2  7  4  3  5  
6  0  1  9  10  
11  12  13  8  15  
16  17  18  19  20  
21  22  23  24  14  
->2  0  4  3  5  
6  7  1  9  10  
11  12  13  8  15  
16  17  18  19  20  
21  22  23  24  14  
->0  2  4  3  5  
6  7  1  9  10  
11  12  13  8  15  
16  17  18  19  20  
21  22  23  24  14  
->6  2  4  3  5  
0  7  1  9  10  
11  12  13  8  15  
16  17  18  19  20  
21  22  23  24  14  
->6  2  4  3  5  
7  0  1  9  10  
11  12  13  8  15  
16  17  18  19  20  
21  22  23  24  14  
->6  2  4  3  5  
7  1  0  9  10  
11  12  13  8  15  
16  17  18  19  20  
21  22  23  24  14  
->6  2  0  3  5  
7  1  4  9  10  
11  12  13  8  15  
16  17  18  19  20  
21  22  23  24  14  
->6  0  2  3  5  
7  1  4  9  10  
11  12  13  8  15  
16  17  18  19  20  
21  22  23  24  14  
->6  1  2  3  5  
7  0  4  9  10  
11  12  13  8  15  
16  17  18  19  20  
21  22  23  24  14  
->6  1  2  3  5  
0  7  4  9  10  
11  12  13  8  15  
16  17  18  19  20  
21  22  23  24  14  
->0  1  2  3  5  
6  7  4  9  10  
11  12  13  8  15  
16  17  18  19  20  
21  22  23  24  14  
->1  0  2  3  5  
6  7  4  9  10  
11  12  13  8  15  
16  17  18  19  20  
21  22  23  24  14  
->1  2  0  3  5  
6  7  4  9  10  
11  12  13  8  15  
16  17  18  19  20  
21  22  23  24  14  
->1  2  3  0  5  
6  7  4  9  10  
11  12  13  8  15  
16  17  18  19  20  
21  22  23  24  14  
->1  2  3  9  5  
6  7  4  0  10  
11  12  13  8  15  
16  17  18  19  20  
21  22  23  24  14  
->1  2  3  9  5  
6  7  4  8  10  
11  12  13  0  15  
16  17  18  19  20  
21  22  23  24  14  
->1  2  3  9  5  
6  7  4  8  10  
11  12  0  13  15  
16  17  18  19  20  
21  22  23  24  14  
->1  2  3  9  5  
6  7  0  8  10  
11  12  4  13  15  
16  17  18  19  20  
21  22  23  24  14  
->1  2  3  9  5  
6  7  8  0  10  
11  12  4  13  15  
16  17  18  19  20  
21  22  23  24  14  
->1  2  3  0  5  
6  7  8  9  10  
11  12  4  13  15  
16  17  18  19  20  
21  22  23  24  14  
->1  2  0  3  5  
6  7  8  9  10  
11  12  4  13  15  
16  17  18  19  20  
21  22  23  24  14  
->1  2  8  3  5  
6  7  0  9  10  
11  12  4  13  15  
16  17  18  19  20  
21  22  23  24  14  
->1  2  8  3  5  
6  7  4  9  10  
11  12  0  13  15  
16  17  18  19  20  
21  22  23  24  14  
->1  2  8  3  5  
6  7  4  9  10  
11  12  13  0  15  
16  17  18  19  20  
21  22  23  24  14  
->1  2  8  3  5  
6  7  4  0  10  
11  12  13  9  15  
16  17  18  19  20  
21  22  23  24  14  
->1  2  8  3  5  
6  7  0  4  10  
11  12  13  9  15  
16  17  18  19  20  
21  22  23  24  14  
->1  2  0  3  5  
6  7  8  4  10  
11  12  13  9  15  
16  17  18  19  20  
21  22  23  24  14  
->1  2  3  0  5  
6  7  8  4  10  
11  12  13  9  15  
16  17  18  19  20  
21  22  23  24  14  
->1  2  3  4  5  
6  7  8  0  10  
11  12  13  9  15  
16  17  18  19  20  
21  22  23  24  14  
->1  2  3  4  5  
6  7  8  9  10  
11  12  13  0  15  
16  17  18  19  20  
21  22  23  24  14  
->1  2  3  4  5  
6  7  8  9  10  
11  12  13  15  0  
16  17  18  19  20  
21  22  23  24  14  
->1  2  3  4  5  
6  7  8  9  10  
11  12  13  15  20  
16  17  18  19  0  
21  22  23  24  14  
->1  2  3  4  5  
6  7  8  9  10  
11  12  13  15  20  
16  17  18  19  14  
21  22  23  24  0  
->1  2  3  4  5  
6  7  8  9  10  
11  12  13  15  20  
16  17  18  19  14  
21  22  23  0  24  
->1  2  3  4  5  
6  7  8  9  10  
11  12  13  15  20  
16  17  18  0  14  
21  22  23  19  24  
->1  2  3  4  5  
6  7  8  9  10  
11  12  13  15  20  
16  17  18  14  0  
21  22  23  19  24  
->1  2  3  4  5  
6  7  8  9  10  
11  12  13  15  0  
16  17  18  14  20  
21  22  23  19  24  
->1  2  3  4  5  
6  7  8  9  10  
11  12  13  0  15  
16  17  18  14  20  
21  22  23  19  24  
->1  2  3  4  5  
6  7  8  9  10  
11  12  13  14  15  
16  17  18  0  20  
21  22  23  19  24  
->1  2  3  4  5  
6  7  8  9  10  
11  12  13  14  15  
16  17  18  19  20  
21  22  23  0  24  
->1  2  3  4  5  
6  7  8  9  10  
11  12  13  14  15  
16  17  18  19  20  
21  22  23  24  0  
->End
Total number of searched nodes:26188
Length of the solution path is:612
